0,492
24,52
24,51
24,50
24,49
24,48
24,47
24,46
24,45
24,44
24,43
24,42
24,41
24,40
24,39
24,38
24,37
24,36
24,35
48,4
48,3
48,2
48,1
48,0
47,3
47,2
47,1
47,0
46,3
46,2
46,1
46,0
28,5
0,491
45,5
0,490
0,489
45,4
45,3
45,2
45,1
45,0
0,488
0,487
0,486
44,4
44,3
44,2
0,485
44,1
44,0
0,484
0,483
43,4
43,3
43,2
43,1
43,0
0,482
0,481
42,5
42,4
42,3
42,2
42,1
42,0
41,4
41,3
41,2
41,1
41,0
40,3
40,2
40,1
40,0
0,480
0,479
0,478
0,477
39,5
39,4
39,3
39,2
39,1
39,0
0,476
0,475
0,474
0,473
0,472
38,4
38,3
38,2
38,1
38,0
0,471
0,470
32,4
0,469
0,468
0,467
0,466
0,465
0,464
0,463
0,462
0,461
0,460
0,459
0,458
0,457
0,456
0,455
0,454
0,453
0,452
37,5
37,4
37,3
37,2
0,451
37,1
37,0
0,450
0,449
0,448
0,447
0,446
0,445
0,444
0,443
0,442
0,441
0,440
0,439
0,438
0,437
0,436
0,435
0,434
36,4
36,3
36,2
0,433
36,1
36,0
